% const.m: DEFINE some global constants that will be used often

%% H3N2 binding sites
global SiteA SiteB SiteC SiteD SiteE;

SiteA = [122 124 126 130:138 140 142:146 150 152 168];
SiteB = [128 129 155:160 163:165 186:190 192:194 196:198];
SiteC = [44:48 50:54 273 275 276 278:280 294 297 299 300 304 305 307:312];
SiteD = [96 102 103 117 121 167 170:179 182 201 203 207:209 212:219 226:230 238 240 242 244 246:248];
SiteE = [57 59 62 63 67 75 78 80:83 86:88 91 92 94 109 260:262 265];

%% Correlation vectors
% CORR5H3 records the H3-H5 correlation
global CORR5H3;

CORR5H3 = [11:53, 530, 54:81, 810, 82:95, 950,96:123, 125, 125, 125, 125, 126:133, 133,134:255,255, 256:327];

% CORR9H3 records the H9-H3 correlation
global CORR9H3;
CORR9H3 = [11:53, 530, 54:81, 810, 82:95, 950,96:123, 125, 125, 125, 125, 126:127, 129:140, 145:255,255, 256:329];

%% AAINDEX give an order of the 20 amino acids
global AAINDEX;

AAINDEX = ['A'  'R'  'N'  'D'  'C'  'Q'  'E'  'G'  'H'  'I'  'L'  'K'  'M'  'F' 'P'  'S'  'T'  'W'  'Y'  'V' 'X'];

%% PIMA records the distances between different amino acids accoridng to PIMA (6 levels)
%       1   2   3   4   5   6   7   8   9  10  11  12  13  14  15  16  17  18  19  20  21
%    	A	R	N	D	C	Q	E	G	H 	I 	L	K	M	F	P	S	T   W	Y	V   X
%  1 A	1	6	6	6	6	6	6	3	6	6	6	6	6	6	4	4	4   6	6	6   1
%  2 R	6	1	5	5	6	4	4	6	6	6	6	3	6	6	6	5	5   6	6	6   1
%  3 N 	6	5	1	3	6	5	4	6	6	6	6	5	6	6	6	5	5   6	6	6   1
%  4 D	6	5	3	1	6	5	3	6	6	6	6	5	6	6	6	5	5   6	6	6   1
%  5 C	6	6	6	6	1	6	6	6	6	5	5	6	5	5	6	6	6   5	5	5   1
%  6 Q	6	4	5	5	6	1	3	6	6	6	6	4	6	6	6	5	5   6	6	6   1
%  7 E	6	4	4	3	6	3	1	6	6	6	6	4	6	6	6	5	5   6	6	6   1
%  8 G	3	6	6	6	6	6	6	1	6	6	6	6	6	6	4	4	4   6	6	6   1
%  9 H	6	6	6	6	6	6	6	6	1	6	6	6	6	4	6	6	6   4	4	6   1
% 10 I	6	6	6	6	5	6	6	6	6	1	4	6	4	5	6	6	6   5	5	3   1
% 11 L	6	6	6	6	5	6	6	6	6	4	1	6	3	5	6	6	6   5	5	4   1
% 12 K	6	3	5	5	6	4	4	6	6	6	6	1	6	6	6	5	5   6	6	6   1
% 13 M	6	6	6	6	5	6	6	6	6	4	3	6	1	5	6	6	6   5	5	4   1
% 14 F	6	6	6	6	5	6	6	6	4	5	5	6	5	1	6	6	6   3	3	5   1
% 15 P	4	6	6	6	6	6	6	4	6	6	6	6	6	6	1	4	4   6	6	6   1
% 16 S	4	5	5	5	6	5	5	4	6	6	6	5	6	6	4	1	3   6	6	6   1
% 17 T	4	5	5	5	6	5	5	4	6	6	6	5	6	6	4	3	1   6	6	6   1
% 18 W	6	6	6	6	5	6	6	6	4	5	5	6	5	3	6	6	6   1	3	5   1
% 19 Y	6	6	6	6	5	6	6	6	4	5	5	6	5	3	6	6	6   3	1	5   1
% 20 V	6	6	6	6	5	6	6	6	6	3	4	6	4	5	6	6	6   5	5	1   1
% 21 X  1   1   1   1   1   1   1   1   1   1   1   1   1   1   1   1   1   1   1   1   1

global PIMA;

PIMA = [ 1	6  6  6	 6	6  6  3	 6	6  6  6	 6	6  4  4	 4	6  6  6  1;
         6	1  5  5	 6	4  4  6	 6	6  6  3	 6	6  6  5	 5	6  6  6  1;
         6	5  1  3	 6	5  4  6	 6	6  6  5	 6	6  6  5	 5	6  6  6  1;
         6	5  3  1	 6	5  3  6	 6	6  6  5	 6	6  6  5	 5	6  6  6  1;
         6	6  6  6	 1	6  6  6	 6	5  5  6	 5	5  6  6	 6	5  5  5  1;
         6	4  5  5	 6	1  3  6	 6	6  6  4	 6	6  6  5	 5	6  6  6  1;
         6	4  4  3	 6	3  1  6	 6	6  6  4	 6	6  6  5	 5	6  6  6  1;
         3	6  6  6	 6	6  6  1	 6	6  6  6	 6	6  4  4	 4	6  6  6  1;
         6	6  6  6	 6	6  6  6	 1	6  6  6	 6	4  6  6	 6	4  4  6  1;
         6	6  6  6	 5	6  6  6	 6	1  4  6	 4	5  6  6	 6	5  5  3  1;
         6	6  6  6	 5	6  6  6	 6	4  1  6	 3	5  6  6	 6	5  5  4  1;
         6	3  5  5	 6	4  4  6	 6	6  6  1	 6	6  6  5	 5	6  6  6  1;
         6	6  6  6	 5	6  6  6	 6	4  3  6	 1	5  6  6	 6	5  5  4  1;
         6	6  6  6	 5	6  6  6	 4	5  5  6	 5	1  6  6	 6	3  3  5  1;
         4	6  6  6	 6	6  6  4	 6	6  6  6	 6	6  1  4	 4	6  6  6  1;
         4	5  5  5	 6	5  5  4	 6	6  6  5	 6	6  4  1	 3	6  6  6  1;
         4	5  5  5	 6	5  5  4	 6	6  6  5	 6	6  4  3	 1	6  6  6  1;
         6	6  6  6	 5	6  6  6	 4	5  5  6	 5	3  6  6	 6	1  3  5  1;
         6	6  6  6	 5	6  6  6	 4	5  5  6	 5	3  6  6	 6	3  1  5  1;
         6	6  6  6	 5	6  6  6	 6	3  4  6	 4	5  6  6	 6	5  5  1  1;
         1  1  1  1  1  1  1  1  1  1  1  1  1  1  1  1  1  1  1  1  1];
 PIMA = PIMA -1;
     

%% PAM250 records the PAM 250 matrix
%        1  2  3  4  5  6  7  8  9 10 11 12 13 14 15 16 17 18 19 20  21
%        A  R  N  D  C  Q  E  G  H  I  L  K  M  F  P  S  T  W  Y  V  X
%  1  A  2 -2  0  0 -2  0  0  1 -1 -1 -2 -1 -1 -3  1  1  1 -6 -3  0  0 
%  2  R -2  6  0 -1 -4  1 -1 -3  2 -2 -3  3  0 -4  0  0 -1  2 -4 -2 -1 
%  3  N  0  0  2  2 -4  1  1  0  2 -2 -3  1 -2 -3  0  1  0 -4 -2 -2  0
%  4  D  0 -1  2  4 -5  2  3  1  1 -2 -4  0 -3 -6 -1  0  0 -7 -4 -2 -1
%  5  C -2 -4 -4 -5 12 -5 -5 -3 -3 -2 -6 -5 -5 -4 -3  0 -2 -8  0 -2 -3 
%  6  Q  0  1  1  2 -5  4  2 -1  3 -2 -2  1 -1 -5  0 -1 -1 -5 -4 -2 -1  
%  7  E  0 -1  1  3 -5  2  4  0  1 -2 -3  0 -2 -5 -1  0  0 -7 -4 -2 -1
%  8  G  1 -3  0  1 -3 -1  0  5 -2 -3 -4 -2 -3 -5  0  1  0 -7 -5 -1 -1
%  9  H -1  2  2  1 -3  3  1 -2  6 -2 -2  0 -2 -2  0 -1 -1 -3  0 -2 -1
% 10  I -1 -2 -2 -2 -2 -2 -2 -3 -2  5  2 -2  2  1 -2 -1  0 -5 -1  4 -1
% 11  L -2 -3 -3 -4 -6 -2 -3 -4 -2  2  6 -3  4  2 -3 -3 -2 -2 -1  2 -1 
% 12  K -1  3  1  0 -5  1  0 -2  0 -2 -3  5  0 -5 -1  0  0 -3 -4 -2 -1
% 13  M -1  0 -2 -3 -5 -1 -2 -3 -2  2  4  0  6  0 -2 -2 -1 -4 -2  2 -1
% 14  F -3 -4 -3 -6 -4 -5 -5 -5 -2  1  2 -5  0  9 -5 -3 -3  0  7 -1 -2
% 15  P  1  0  0 -1 -3  0 -1  0  0 -2 -3 -1 -2 -5  6  1  0 -6 -5 -1 -1
% 16  S  1  0  1  0  0 -1  0  1 -1 -1 -3  0 -2 -3  1  2  1 -2 -3 -1  0
% 17  T  1 -1  0  0 -2 -1  0  0 -1  0 -2  0 -1 -3  0  1  3 -5 -3  0  0
% 18  W -6  2 -4 -7 -8 -5 -7 -7 -3 -5 -2 -3 -4  0 -6 -2 -5 17  0 -6 -4
% 19  Y -3 -4 -2 -4  0 -4 -4 -5  0 -1 -1 -4 -2  7 -5 -3 -3  0 10 -2 -2
% 20  V  0 -2 -2 -2 -2 -2 -2 -1 -2  4  2 -2  2 -1 -1 -1  0 -6 -2  4 -1
% 21  X  0 -1  0 -1 -3 -1 -1 -1 -1 -1 -1 -1 -1 -2 -1  0  0 -4 -2 -1 -1

global PAM250;

PAM250 = [ 2 -2  0  0 -2  0  0  1 -1 -1 -2 -1 -1 -3  1  1  1 -6 -3  0  0;   
          -2  6  0 -1 -4  1 -1 -3  2 -2 -3  3  0 -4  0  0 -1  2 -4 -2 -1; 
           0  0  2  2 -4  1  1  0  2 -2 -3  1 -2 -3  0  1  0 -4 -2 -2  0;  
           0 -1  2  4 -5  2  3  1  1 -2 -4  0 -3 -6 -1  0  0 -7 -4 -2 -1;  
          -2 -4 -4 -5 12 -5 -5 -3 -3 -2 -6 -5 -5 -4 -3  0 -2 -8  0 -2 -3;  
           0  1  1  2 -5  4  2 -1  3 -2 -2  1 -1 -5  0 -1 -1 -5 -4 -2 -1;   
           0 -1  1  3 -5  2  4  0  1 -2 -3  0 -2 -5 -1  0  0 -7 -4 -2 -1; 
           1 -3  0  1 -3 -1  0  5 -2 -3 -4 -2 -3 -5  0  1  0 -7 -5 -1 -1;  
          -1  2  2  1 -3  3  1 -2  6 -2 -2  0 -2 -2  0 -1 -1 -3  0 -2 -1;  
          -1 -2 -2 -2 -2 -2 -2 -3 -2  5  2 -2  2  1 -2 -1  0 -5 -1  4 -1;
          -2 -3 -3 -4 -6 -2 -3 -4 -2  2  6 -3  4  2 -3 -3 -2 -2 -1  2 -1;
          -1  3  1  0 -5  1  0 -2  0 -2 -3  5  0 -5 -1  0  0 -3 -4 -2 -1; 
          -1  0 -2 -3 -5 -1 -2 -3 -2  2  4  0  6  0 -2 -2 -1 -4 -2  2 -1; 
          -3 -4 -3 -6 -4 -5 -5 -5 -2  1  2 -5  0  9 -5 -3 -3  0  7 -1 -2; 
           1  0  0 -1 -3  0 -1  0  0 -2 -3 -1 -2 -5  6  1  0 -6 -5 -1 -1; 
           1  0  1  0  0 -1  0  1 -1 -1 -3  0 -2 -3  1  2  1 -2 -3 -1  0;  
           1 -1  0  0 -2 -1  0  0 -1  0 -2  0 -1 -3  0  1  3 -5 -3  0  0; 
          -6  2 -4 -7 -8 -5 -7 -7 -3 -5 -2 -3 -4  0 -6 -2 -5 17  0 -6 -4; 
          -3 -4 -2 -4  0 -4 -4 -5  0 -1 -1 -4 -2  7 -5 -3 -3  0 10 -2 -2; 
           0 -2 -2 -2 -2 -2 -2 -1 -2  4  2 -2  2 -1 -1 -1  0 -6 -2  4 -1;
           0 -1  0 -1 -3 -1 -1 -1 -1 -1 -1 -1 -1 -2 -1  0  0 -4 -2 -1 -1]; 
